english197 1 0.000 0.480 1
english197 1 0.480 0.040 251
english197 1 0.520 0.060 233
english197 1 0.580 0.070 325
english197 1 0.650 0.030 48
english197 1 0.680 0.100 1
english197 1 0.780 0.090 39
english197 1 0.870 0.030 61
english197 1 0.900 0.130 232
english197 1 1.030 0.110 1
english197 1 1.140 0.030 11
english197 1 1.170 0.030 33
english197 1 1.200 0.040 341
english197 1 1.240 0.030 233
english197 1 1.270 0.270 240
english197 1 1.540 0.720 1
english197 1 2.260 0.030 299
english197 1 2.290 0.030 13
english197 1 2.320 0.040 40
english197 1 2.360 0.040 287
english197 1 2.400 0.030 180
english197 1 2.430 0.030 31
english197 1 2.460 0.030 240
english197 1 2.490 0.070 111
english197 1 2.560 0.070 309
english197 1 2.630 0.030 217
english197 1 2.660 0.220 92
english197 1 2.880 0.050 227
english197 1 2.930 0.030 325
english197 1 2.960 0.050 48
english197 1 3.010 0.060 311
english197 1 3.070 0.030 217
english197 1 3.100 0.130 93
english197 1 3.230 0.030 48
english197 1 3.260 0.040 1
english197 1 3.300 0.080 87
english197 1 3.380 0.030 213
english197 1 3.410 0.050 312
english197 1 3.460 0.090 287
english197 1 3.550 0.050 180
english197 1 3.600 0.090 167
english197 1 3.690 0.030 181
english197 1 3.720 0.050 224
english197 1 3.770 0.030 227
english197 1 3.800 0.050 240
english197 1 3.850 0.110 1
english197 1 3.960 0.030 11
english197 1 3.990 0.040 33
english197 1 4.030 0.230 61
english197 1 4.260 0.070 308
english197 1 4.330 0.660 1
english197 1 4.990 0.040 11
english197 1 5.030 0.050 217
english197 1 5.080 0.110 41
english197 1 5.190 0.030 12
english197 1 5.220 0.060 11
english197 1 5.280 0.070 253
english197 1 5.350 0.180 25
english197 1 5.530 0.050 37
english197 1 5.580 0.040 48
english197 1 5.620 0.040 243
english197 1 5.660 0.050 172
english197 1 5.710 0.100 167
english197 1 5.810 0.050 309
english197 1 5.860 0.050 341
english197 1 5.910 0.190 84
english197 1 6.100 0.030 11
english197 1 6.130 0.060 37
english197 1 6.190 0.480 264
english197 1 6.670 0.130 1
english197 1 6.800 0.050 251
english197 1 6.850 0.030 325
english197 1 6.880 0.030 48
english197 1 6.910 0.370 1
english197 1 7.280 0.090 167
english197 1 7.370 0.110 77
english197 1 7.480 0.120 172
english197 1 7.600 0.060 1
english197 1 7.660 0.060 311
english197 1 7.720 0.050 217
english197 1 7.770 0.100 40
english197 1 7.870 0.050 1
english197 1 7.920 0.050 11
english197 1 7.970 0.150 233
english197 1 8.120 0.030 301
english197 1 8.150 0.100 113
english197 1 8.250 0.030 48
english197 1 8.280 0.030 239
english197 1 8.310 0.070 172
english197 1 8.380 0.030 111
english197 1 8.410 0.070 233
english197 1 8.480 0.130 24
english197 1 8.610 0.270 1
english197 1 8.880 0.030 115
english197 1 8.910 0.030 325
english197 1 8.940 0.030 48
english197 1 8.970 0.260 1
english197 1 9.230 0.050 239
english197 1 9.280 0.070 37
english197 1 9.350 0.030 140
english197 1 9.380 0.240 223
english197 1 9.620 0.030 105
english197 1 9.650 0.050 113
english197 1 9.700 0.030 320
english197 1 9.730 0.040 106
english197 1 9.770 0.030 11
english197 1 9.800 0.050 37
english197 1 9.850 0.110 301
english197 1 9.960 0.070 40
english197 1 10.030 0.290 1
english197 1 10.320 0.050 167
english197 1 10.370 0.040 61
english197 1 10.410 0.060 308
english197 1 10.470 0.050 287
english197 1 10.520 0.030 180
english197 1 10.550 0.080 111
english197 1 10.630 0.050 309
english197 1 10.680 0.030 245
english197 1 10.710 0.030 229
english197 1 10.740 0.040 180
english197 1 10.780 0.030 111
english197 1 10.810 0.060 201
english197 1 10.870 0.040 112
english197 1 10.910 0.760 1
english197 1 11.670 0.090 87
english197 1 11.760 0.030 324
english197 1 11.790 0.070 59
english197 1 11.860 0.080 233
english197 1 11.940 0.110 13
english197 1 12.050 0.030 260
english197 1 12.080 0.120 35
english197 1 12.200 0.030 325
english197 1 12.230 0.040 140
english197 1 12.270 0.050 242
english197 1 12.320 0.070 1
english197 1 12.390 0.060 11
english197 1 12.450 0.060 225
english197 1 12.510 0.030 61
english197 1 12.540 0.100 232
english197 1 12.640 0.060 1
english197 1 12.700 0.050 251
english197 1 12.750 0.080 233
english197 1 12.830 0.0